              precision    recall  f1-score   support

           1     0.7745    0.8229    0.7980        96
          10     0.0000    0.0000    0.0000        15
          11     0.9914    0.8915    0.9388       129
          12     0.6667    0.5556    0.6061        18
          13     0.0000    0.0000    0.0000         8
          14     1.0000    1.0000    1.0000         3
          15     0.0000    0.0000    0.0000         6
          16     0.3077    0.4444    0.3636         9
          17     0.6667    0.2500    0.3636         8
          18     0.5263    0.4762    0.5000        21
          19     0.9333    1.0000    0.9655        14
           2     0.5063    0.4545    0.4790        88
          20     0.9246    0.9885    0.9555      2085
          21     0.7500    0.1935    0.3077        31
          22     0.9353    0.8393    0.8847       224
          23     0.7103    0.5067    0.5914       150
          24     0.5357    0.3061    0.3896        49
          25     0.0000    0.0000    0.0000         3
          26     0.5862    0.8500    0.6939        20
          27     1.0000    1.0000    1.0000         2
          28     0.2222    0.3333    0.2667         6
          29     0.5349    0.3067    0.3898        75
           3     0.8737    0.8768    0.8752       284
          30     0.5385    0.5385    0.5385        13
           4     0.8802    0.9432    0.9106       405
           5     0.6337    0.6667    0.6497        96
           6     0.9841    0.8158    0.8921        76
           7     0.5000    0.4118    0.4516        17
           8     0.8049    0.9296    0.8627        71
           9     0.8859    0.9167    0.9010       144

    accuracy                         0.8728      4166
   macro avg     0.6224    0.5773    0.5858      4166
weighted avg     0.8601    0.8728    0.8621      4166

best_epoch:264
best_acc:87.27796280595814