              precision    recall  f1-score   support

           1     0.7959    0.8125    0.8041        96
          10     0.0000    0.0000    0.0000        15
          11     0.9828    0.8837    0.9306       129
          12     0.5556    0.5556    0.5556        18
          13     0.0000    0.0000    0.0000         8
          14     1.0000    1.0000    1.0000         3
          15     0.0000    0.0000    0.0000         6
          16     0.2353    0.4444    0.3077         9
          17     0.3750    0.3750    0.3750         8
          18     0.2424    0.3810    0.2963        21
          19     0.7368    1.0000    0.8485        14
           2     0.5000    0.4432    0.4699        88
          20     0.9296    0.9823    0.9552      2085
          21     0.7692    0.3226    0.4545        31
          22     0.9000    0.8438    0.8710       224
          23     0.6179    0.5067    0.5568       150
          24     0.4242    0.2857    0.3415        49
          25     0.0000    0.0000    0.0000         3
          26     0.6800    0.8500    0.7556        20
          27     0.0000    0.0000    0.0000         2
          28     0.3333    0.5000    0.4000         6
          29     0.4800    0.3200    0.3840        75
           3     0.8897    0.8803    0.8850       284
          30     0.5000    0.5385    0.5185        13
           4     0.9235    0.9235    0.9235       405
           5     0.6782    0.6146    0.6448        96
           6     0.9565    0.8684    0.9103        76
           7     0.4615    0.7059    0.5581        17
           8     0.8800    0.9296    0.9041        71
           9     0.8973    0.9097    0.9034       144

    accuracy                         0.8687      4166
   macro avg     0.5582    0.5626    0.5518      4166
weighted avg     0.8593    0.8687    0.8617      4166

best_epoch:121
best_acc:86.86989754847592